Matriz 1
1 6 0 1 0 2 8 5 2 1 1 7 1 5 1 2 4 4 8 5 9 9 6 7 7 4 4 5 4 3 9 1 5 9 4 6 8 7 9 5 
5 0 4 8 6 6 9 3 8 2 3 1 4 7 5 4 6 1 0 1 4 8 9 2 5 4 5 1 6 8 4 3 9 3 9 0 6 1 1 6 
1 8 8 9 1 7 1 0 8 3 2 3 6 7 1 6 5 1 5 2 9 4 4 2 2 4 2 5 5 0 9 0 3 1 4 7 5 7 9 5 
8 9 0 3 9 3 1 4 0 5 1 0 9 7 0 2 6 3 8 4 1 0 8 9 4 4 2 4 6 9 9 7 7 4 6 7 3 4 5 9 
1 6 0 6 6 6 1 5 4 8 2 2 6 8 3 2 3 9 2 4 2 6 6 5 5 4 3 7 6 1 5 5 7 5 1 1 4 2 3 2 
2 7 7 7 2 7 6 7 9 5 8 9 8 7 0 1 1 2 7 6 9 8 9 1 3 3 5 7 7 6 6 4 9 8 7 7 0 4 2 0 
3 0 0 3 5 7 8 1 1 4 0 4 9 2 5 0 1 7 1 3 2 0 5 9 5 4 7 8 9 1 8 3 5 3 4 6 8 9 3 1 
4 6 5 2 8 9 8 7 5 3 0 0 1 3 0 4 1 1 8 3 9 6 7 5 8 6 3 9 9 0 1 7 7 4 3 6 2 4 8 3 
3 0 9 4 6 0 2 5 9 9 8 8 9 1 7 9 8 0 2 1 4 3 1 0 1 6 6 4 2 7 4 1 1 5 1 7 9 5 2 7 
6 8 1 2 0 2 0 1 8 7 6 8 0 3 1 9 4 6 2 8 1 1 7 7 3 8 3 7 2 8 1 4 9 3 0 6 4 7 4 9 
3 8 8 3 8 5 3 1 4 6 7 0 4 7 6 7 7 7 6 7 4 8 8 4 5 0 5 8 3 2 5 1 0 0 1 4 4 7 5 6 
4 5 9 3 2 6 2 3 9 2 5 3 1 3 6 9 7 3 3 3 7 4 0 5 5 5 3 3 0 3 7 8 0 5 3 0 0 3 5 5 
5 4 0 7 5 1 4 3 5 9 9 2 5 5 7 5 2 5 1 4 4 3 7 4 6 3 4 8 7 3 5 1 2 9 0 1 1 4 4 4 
5 9 7 2 4 2 8 8 1 5 6 9 5 9 3 4 5 9 6 0 1 1 8 3 2 5 8 8 8 9 6 4 1 6 9 2 1 5 7 2 
0 0 4 8 1 9 5 0 9 7 5 3 5 8 9 5 0 3 9 9 1 3 2 4 2 4 1 5 1 2 6 4 5 5 1 0 5 0 7 2 
7 8 1 6 9 6 8 6 2 2 6 9 8 2 5 6 5 3 1 0 2 9 0 6 9 0 4 0 1 9 8 1 3 2 1 8 2 6 4 8 
4 2 0 1 4 1 0 1 4 0 8 8 7 8 0 9 9 5 4 4 0 6 3 6 2 2 9 7 9 2 5 6 8 6 1 5 0 6 2 2 
2 2 9 2 5 9 2 5 0 5 5 7 6 1 7 9 2 7 1 5 7 9 4 0 9 8 0 2 0 8 2 3 1 2 1 3 4 8 0 6 
6 7 4 4 8 6 7 8 1 5 8 0 4 3 2 7 6 9 4 6 0 4 5 8 5 0 5 0 4 7 5 6 8 5 1 9 8 3 1 2 
8 2 5 4 7 5 7 5 1 0 4 8 6 7 4 5 4 7 3 9 4 5 2 8 5 8 1 5 9 8 6 7 5 2 7 1 1 6 2 8 
6 3 7 6 5 4 9 6 6 3 3 7 5 1 0 1 9 5 4 7 9 6 4 5 5 6 7 7 2 6 9 1 1 1 2 7 3 5 8 0 
1 7 5 4 5 3 7 0 5 6 2 4 9 5 1 6 8 4 0 4 1 5 3 1 8 1 5 0 6 5 7 2 6 2 7 7 7 2 1 3 
3 2 3 6 1 9 4 7 9 1 9 8 4 0 5 5 2 0 5 9 9 7 3 0 7 4 2 6 4 4 5 0 0 5 1 3 7 8 9 6 
3 5 4 4 3 9 9 7 4 6 2 9 4 2 9 3 2 0 4 6 6 7 7 8 0 0 8 3 1 8 8 4 4 7 3 8 2 7 0 5 
4 6 7 6 8 2 8 7 2 3 3 7 8 4 1 5 7 9 4 7 3 2 7 8 9 9 6 7 4 9 5 3 9 2 3 9 9 3 3 9 
6 6 9 1 1 1 7 2 2 1 6 5 2 5 2 2 6 5 6 9 0 5 7 6 5 8 0 0 4 2 3 6 4 7 3 9 8 4 7 9 
2 7 3 1 6 5 9 2 7 6 7 7 4 8 5 7 9 7 7 2 4 6 4 1 8 6 8 5 8 6 3 6 3 7 3 5 2 7 0 9 
0 7 1 5 0 6 1 0 9 5 1 4 4 1 3 8 9 8 2 4 9 0 6 6 2 2 4 9 1 6 3 2 1 7 6 1 6 7 4 0 
7 1 0 5 5 9 9 5 3 9 7 7 5 0 2 9 4 7 5 1 6 3 2 1 4 9 4 9 4 1 1 1 3 3 1 3 4 8 6 8 
1 6 5 4 6 1 8 4 2 4 5 6 6 0 5 7 8 1 0 8 3 5 5 8 0 7 5 9 1 8 2 4 1 9 3 0 0 3 9 6 
6 7 9 5 8 9 3 3 1 9 1 4 9 0 9 1 3 9 7 5 9 9 1 0 9 9 2 6 1 5 6 9 6 3 2 4 8 9 1 5 
0 3 0 0 1 5 3 8 5 7 4 3 8 5 1 1 7 0 9 4 8 9 8 3 0 2 5 1 8 4 0 7 2 1 2 3 7 5 9 8 
4 9 8 6 7 3 7 1 2 3 9 8 9 3 4 3 6 9 2 5 7 3 9 5 8 9 7 6 0 8 3 5 3 6 4 9 0 9 9 4 
6 6 0 3 2 9 4 7 6 6 5 4 1 6 1 8 7 4 1 1 0 3 2 5 6 0 1 8 0 3 8 4 0 6 7 8 3 7 5 3 
7 5 0 1 2 7 0 0 1 5 6 1 7 6 2 6 7 8 0 2 8 7 4 2 7 7 5 7 6 7 7 8 0 4 0 5 0 1 3 2 
5 8 0 5 2 7 9 6 5 9 8 9 8 3 8 6 6 6 2 3 5 8 9 5 4 2 1 3 8 5 3 4 8 8 6 1 5 8 3 8 
1 3 8 6 2 5 5 9 2 0 0 3 0 1 9 4 4 5 6 1 5 8 0 8 6 5 3 3 4 0 5 6 6 7 6 2 1 7 1 5 
0 5 1 9 4 1 8 6 4 8 5 6 5 7 3 4 8 8 2 9 9 0 1 3 1 7 3 5 9 7 0 9 4 9 5 5 2 3 4 0 
9 6 4 5 7 0 7 9 7 2 9 9 5 7 3 8 9 8 7 1 8 5 2 1 4 5 1 9 3 9 9 0 5 6 3 0 2 9 3 7 
6 7 2 8 8 3 0 8 5 1 6 2 0 4 5 6 7 4 1 7 4 9 7 3 4 3 7 2 0 2 1 7 4 9 8 9 1 1 8 5 

Matriz 2
7 9 0 9 2 8 7 5 3 2 3 3 2 6 7 3 8 4 7 0 9 9 4 0 8 0 2 7 0 6 5 3 7 6 7 6 5 5 4 8 
0 1 5 8 3 7 9 6 4 5 9 2 8 6 4 0 5 0 1 8 9 5 1 9 4 9 5 0 0 1 2 3 6 2 6 3 0 7 5 7 
1 7 9 4 7 7 2 1 6 9 5 8 6 7 4 2 4 5 0 6 1 1 6 4 7 5 9 0 3 6 6 6 2 8 3 4 3 9 1 2 
1 2 4 5 3 8 6 4 8 4 4 6 9 8 5 8 1 7 6 9 0 2 6 8 6 6 7 1 4 7 4 7 0 7 1 9 9 1 5 0 
3 3 2 7 5 7 3 9 1 2 7 7 8 2 7 4 0 5 5 9 0 4 3 0 3 9 8 9 5 9 5 0 6 0 2 6 9 0 7 8 
9 5 4 6 8 7 3 3 4 3 6 5 1 1 0 4 0 0 9 9 4 5 7 8 6 2 4 3 4 7 7 7 6 6 6 6 5 9 5 6 
5 8 9 7 9 2 3 8 1 8 2 0 8 2 4 9 2 3 1 6 0 1 4 6 5 5 8 7 2 4 3 9 3 8 6 8 7 3 8 8 
5 3 6 4 5 8 2 5 2 1 2 8 9 4 6 6 0 7 4 8 2 0 6 4 1 9 8 6 5 9 4 5 9 7 7 4 2 9 2 9 
1 8 1 9 6 0 8 1 1 4 5 2 5 0 7 2 1 0 6 1 1 8 0 2 1 1 5 7 7 9 8 5 3 4 8 7 2 3 5 5 
4 4 2 3 1 6 5 1 8 1 6 8 3 2 0 9 8 5 8 4 0 3 4 5 6 9 6 5 0 5 9 7 0 2 1 4 9 3 4 7 
9 8 8 0 3 1 1 2 4 6 5 3 0 0 8 9 8 5 1 6 4 9 9 2 0 4 3 2 7 1 2 4 0 8 9 8 4 2 3 0 
6 1 5 4 8 9 9 2 5 3 6 1 2 6 9 0 6 9 9 5 1 1 9 0 7 2 8 4 8 8 4 6 4 3 9 2 6 3 8 2 
0 0 7 2 0 4 9 4 8 0 9 2 7 2 0 4 1 2 2 8 5 8 8 2 5 6 7 1 5 4 0 7 6 3 5 4 6 0 0 3 
9 1 9 6 7 1 3 2 9 3 8 9 3 1 4 8 5 4 3 0 3 1 1 0 0 9 5 5 0 4 5 1 6 9 6 2 5 0 8 1 
7 1 1 3 7 9 3 6 6 1 9 6 9 4 0 2 8 4 1 2 8 6 3 3 1 7 0 6 4 2 7 8 9 6 4 4 3 9 4 9 
9 8 3 2 8 6 3 3 1 5 2 3 9 5 4 3 6 6 2 1 7 0 5 4 0 7 9 2 2 8 7 4 7 5 5 3 7 4 4 3 
0 8 2 3 2 5 5 3 3 5 8 2 6 4 7 4 2 1 8 1 8 2 9 7 8 3 2 8 6 9 4 4 3 4 2 3 3 3 4 7 
6 3 9 0 6 0 7 0 3 1 2 6 3 0 6 1 1 3 9 8 5 0 6 5 5 6 7 8 6 9 0 6 0 4 7 8 4 9 1 1 
6 6 0 4 5 0 9 0 0 2 0 2 1 4 9 0 4 2 3 4 4 7 5 6 5 5 1 1 3 6 4 3 5 5 1 3 6 3 1 6 
2 3 4 9 1 2 4 5 0 4 0 4 1 7 1 2 9 9 3 3 6 3 3 4 9 1 8 9 5 3 3 2 4 8 3 3 9 4 5 9 
8 7 8 8 4 4 1 4 0 3 6 5 5 9 1 6 4 8 3 0 3 9 4 2 0 0 5 4 8 3 7 1 9 5 0 4 3 8 0 5 
8 0 5 8 0 7 6 0 1 0 3 7 9 9 8 2 3 6 9 8 7 1 7 1 9 2 7 4 7 7 3 6 6 9 8 9 4 2 3 9 
6 0 4 1 1 9 3 2 1 7 8 8 0 5 6 0 9 8 6 6 0 5 6 5 1 8 2 6 7 9 9 7 2 5 7 2 3 1 0 7 
0 5 4 8 8 8 1 1 5 7 1 9 9 4 0 3 0 6 6 7 6 7 5 3 6 2 0 2 6 1 1 1 6 8 4 9 5 9 5 2 
5 2 0 9 5 6 6 2 7 7 3 5 6 1 1 5 2 6 6 4 9 3 2 2 3 2 6 6 3 6 5 4 5 3 0 8 1 7 3 2 
0 4 5 3 2 8 7 6 4 5 0 6 8 7 6 0 8 5 8 7 0 0 9 1 0 2 3 4 7 6 4 9 3 0 8 4 6 8 2 5 
0 5 9 7 5 1 4 6 9 3 8 8 3 2 9 0 6 3 8 5 8 5 8 3 0 7 3 4 3 4 5 4 5 0 2 9 1 6 0 0 
6 0 5 0 3 5 4 4 9 4 2 3 3 6 1 6 5 2 3 5 2 0 0 5 1 3 8 0 0 4 6 4 1 6 3 5 1 2 4 8 
2 3 2 3 3 0 2 3 4 9 2 5 6 1 0 2 3 6 3 2 0 6 8 7 0 3 8 9 9 9 0 7 8 1 4 0 6 9 9 0 
7 5 5 2 5 7 4 3 9 6 0 1 6 5 1 6 3 6 5 6 1 3 1 9 3 5 5 3 1 6 8 1 5 4 7 8 8 7 1 0 
4 1 6 1 5 2 4 5 2 4 1 3 7 9 7 5 0 2 4 7 7 3 5 2 1 3 3 4 7 2 6 9 8 5 1 4 4 1 9 0 
4 4 2 3 5 7 6 0 3 7 2 4 2 9 3 3 5 9 2 0 1 1 7 3 3 5 6 5 7 2 5 9 9 1 5 2 2 5 1 2 
2 1 0 9 0 9 0 0 2 4 7 6 3 9 3 8 2 4 5 2 8 5 4 3 0 8 7 7 0 7 1 9 7 7 1 2 3 1 6 8 
3 4 2 2 1 8 7 9 3 0 6 5 5 0 2 8 6 9 7 5 3 6 1 8 3 1 5 2 6 4 3 7 8 3 8 9 2 5 2 1 
3 9 5 3 6 2 1 2 6 0 3 1 8 4 1 9 3 7 2 2 1 0 9 5 9 6 8 2 4 8 5 4 8 0 6 1 2 4 6 2 
9 0 6 6 2 9 7 9 0 8 4 8 2 3 5 6 6 6 1 6 2 4 4 4 5 2 3 2 6 6 1 9 3 2 3 2 9 4 4 9 
3 4 6 6 2 7 9 5 7 1 1 5 3 5 9 0 7 5 3 0 8 3 7 4 0 6 0 5 4 3 6 2 3 2 0 4 2 1 7 7 
1 3 8 7 9 2 9 4 3 0 2 6 3 6 5 3 1 9 7 6 2 7 6 5 1 7 4 0 5 4 3 8 8 6 8 4 7 3 6 7 
0 3 2 5 2 9 9 4 8 5 7 1 5 1 9 3 5 5 3 6 1 7 6 0 4 5 6 8 8 7 8 1 8 4 9 1 7 5 2 9 
4 0 8 6 0 7 5 5 7 8 1 9 3 5 3 2 3 9 4 9 2 6 7 4 4 1 5 7 8 5 9 0 3 8 9 4 8 1 4 4 

Resultado 2
768 615 879 949 738 981 971 697 700 710 697 862 901 833 868 699 723 985 872 892 734 732 924 713 627 767 903 804 914 973 822 896 1002 884 885 859 823 790 765 925 
744 708 790 894 713 950 744 612 760 716 767 857 943 769 739 777 645 880 837 799 627 659 922 697 597 837 932 862 782 1065 883 897 893 848 841 878 810 691 751 793 
655 605 834 850 696 878 900 603 726 701 766 805 852 784 769 649 631 788 728 829 606 719 879 670 575 758 882 644 815 942 833 848 849 813 770 712 821 686 718 799 
717 619 796 900 680 1056 947 711 815 788 762 927 911 831 759 754 704 944 839 956 715 802 937 773 682 926 914 842 818 1023 845 871 1016 811 872 808 953 748 765 883 
655 477 713 761 612 869 802 540 721 583 732 865 804 667 652 659 608 777 830 830 623 594 794 644 532 831 877 763 720 918 711 849 794 746 744 787 739 684 670 765 
928 758 1012 1013 842 1075 1004 718 826 826 949 982 979 937 896 933 838 1071 958 1044 679 851 1058 863 742 964 1194 836 971 1196 930 1153 1058 1013 1041 986 957 881 827 955 
605 522 788 771 722 827 810 650 736 622 650 812 786 648 621 635 580 798 787 826 607 663 875 639 520 757 802 729 763 860 662 925 838 684 703 779 786 716 740 759 
772 683 762 993 757 1022 861 677 662 809 740 917 905 799 751 720 687 920 816 891 603 738 887 721 599 821 1014 838 842 1071 858 925 1005 835 836 823 834 878 715 1012 
712 706 845 761 694 979 919 694 795 664 765 840 892 729 832 683 766 890 785 819 610 701 947 641 561 805 895 719 827 985 892 882 794 762 839 840 884 691 666 812 
716 624 761 860 668 1007 920 582 733 769 664 850 737 792 768 612 822 929 872 813 672 702 848 695 572 770 876 772 764 962 838 841 777 824 939 798 871 748 693 854 
815 660 908 891 772 925 913 650 774 747 826 952 883 771 835 665 767 870 822 941 759 746 913 725 671 914 947 804 815 1005 903 842 852 942 858 891 890 765 723 950 
656 711 705 759 743 845 765 529 634 664 653 722 844 717 682 593 611 769 713 715 631 619 795 592 563 641 817 658 763 838 821 768 846 771 793 783 679 789 580 682 
716 578 733 731 634 867 802 643 752 642 747 832 827 626 662 737 731 858 790 824 605 726 778 657 498 783 868 755 755 886 786 843 789 796 820 868 802 696 665 742 
833 772 1022 808 915 1009 992 730 945 805 872 904 999 783 917 805 827 990 907 1015 653 702 1061 838 690 1050 1101 842 871 1151 914 1010 1011 874 1081 911 905 933 794 838 
682 584 655 741 679 801 794 509 701 585 658 729 739 639 646 655 670 726 699 731 572 633 746 607 553 723 801 691 689 819 797 823 746 833 727 766 800 637 660 746 
821 620 863 955 796 1073 946 742 769 724 780 842 1009 771 832 749 598 901 870 1039 773 745 937 681 713 826 950 783 826 998 802 886 954 883 926 972 941 760 785 862 
684 585 744 743 665 786 810 545 668 660 723 784 745 678 779 628 659 824 813 731 699 662 899 591 522 743 873 724 788 931 626 846 858 755 829 760 762 630 693 667 
827 594 838 772 737 987 829 580 686 628 650 852 848 777 664 603 682 926 821 893 630 577 904 633 611 746 924 686 785 948 826 865 819 816 850 835 840 819 582 804 
828 733 869 932 777 1045 888 713 713 785 760 964 922 770 841 787 723 934 857 959 815 731 965 810 683 958 956 871 803 1038 775 959 929 896 854 967 920 848 762 911 
842 751 948 964 886 1041 916 702 832 833 702 942 1027 920 782 784 740 1086 925 979 709 720 1074 740 762 855 1114 937 943 1116 857 974 1064 977 1028 930 1018 918 866 869 
739 755 938 955 803 993 971 731 751 778 760 848 961 863 922 736 705 912 921 974 684 725 991 706 746 781 999 845 912 1077 873 946 905 894 869 952 924 853 733 951 
628 600 776 819 652 830 821 603 714 678 740 749 867 671 686 688 603 765 729 772 678 579 859 673 626 806 911 744 706 941 712 861 789 686 699 755 783 632 736 720 
810 685 838 913 746 960 961 685 721 687 698 791 850 778 836 682 743 960 837 899 657 800 940 683 608 688 946 780 941 994 910 872 920 921 938 886 875 798 717 921 
856 666 924 956 858 1091 893 754 739 726 813 949 939 878 769 767 748 1002 898 991 699 774 946 800 713 861 939 766 866 980 910 1026 1015 947 929 954 927 856 771 946 
873 771 1099 1099 889 1278 1116 859 978 989 866 1126 1126 999 990 852 869 1153 1037 1172 853 793 1173 888 795 1058 1193 1025 1001 1280 983 1099 1030 1025 1023 1080 1108 969 893 1064 
708 662 847 900 671 1024 961 671 688 831 670 887 809 789 856 625 829 988 773 864 678 698 972 687 717 746 877 830 891 960 777 902 854 878 945 794 878 785 717 899 
928 803 1000 991 915 1017 1066 770 871 871 896 1002 1008 809 920 816 846 1035 1007 999 775 803 1077 863 691 967 1105 947 964 1184 963 1075 1024 933 1062 1024 984 911 854 929 
608 663 729 704 703 807 833 544 689 560 697 679 783 665 627 605 625 756 796 706 615 632 763 740 541 713 797 619 722 881 791 760 766 681 744 776 676 735 589 718 
811 719 848 828 754 963 939 689 755 672 699 833 842 716 812 728 731 895 918 930 603 711 994 691 603 792 971 797 822 1049 862 930 822 831 925 887 942 775 714 926 
617 662 819 768 689 1030 843 710 777 725 740 773 958 768 716 691 746 931 791 928 585 643 888 711 665 781 960 742 822 921 836 817 858 827 939 873 860 769 634 852 
883 712 959 1044 839 1200 1134 752 881 728 852 1047 1041 1034 850 765 822 1049 1013 1073 843 800 1086 818 794 968 1095 880 923 1114 978 1139 1065 934 907 1022 992 977 768 1089 
673 588 770 812 578 848 861 528 675 637 710 811 735 692 760 581 675 867 761 766 549 740 950 642 564 774 811 783 869 934 808 764 881 765 836 681 798 679 581 875 
871 790 1113 1022 911 1238 1153 857 959 930 997 1034 1064 931 978 858 924 1150 1018 1190 768 885 1150 849 806 1015 1157 897 1040 1188 978 1122 1033 980 1137 1089 1069 991 764 1013 
773 650 744 764 757 892 846 618 696 620 667 749 808 637 715 757 606 785 790 803 643 593 796 682 617 746 850 662 705 919 797 834 842 777 853 795 753 702 731 799 
782 583 753 693 607 844 807 566 706 661 692 769 767 688 639 640 685 768 810 761 678 634 832 617 536 664 820 713 757 864 742 824 825 694 786 800 733 769 558 676 
939 785 981 1020 872 1200 1066 756 897 808 966 1013 1081 908 869 906 873 1140 1050 1065 814 903 1160 916 777 1032 1144 980 1016 1212 985 1160 1111 1052 1155 1033 1024 925 912 1053 
641 604 727 807 761 910 733 558 615 614 605 847 935 779 647 632 527 864 755 817 633 565 859 663 590 719 849 657 776 889 695 895 922 812 755 806 683 846 636 756 
736 743 880 837 764 946 906 712 786 745 784 853 950 774 715 864 782 1018 847 836 560 660 950 818 653 884 1076 868 880 1041 784 976 925 801 892 864 942 871 747 819 
946 846 1022 956 919 1059 1066 773 852 776 841 916 1089 934 1021 890 775 1040 998 1030 792 823 1043 804 689 965 1147 913 940 1213 979 999 1061 1062 1102 1045 996 859 873 967 
775 680 780 929 667 1097 886 725 695 697 842 933 932 792 871 745 787 1002 856 896 712 699 934 693 707 845 962 846 886 1065 855 866 964 830 942 889 830 795 656 933 

